▪▪ DATA ▪▪
SCUTTLE can read RFID's! - Card1

▪▪ FORMAT ▪▪
NFC Well Known (0x01)
Defined by RFC 2141, RFC 3986

▪▪ TYPE ▪▪
T

▪▪ PAYLOAD (35 bytes) ▪▪
0x02 0x65 0x6E 0x53 0x43 0x55 0x54 0x54 0x4C 0x45 0x20 0x63 0x61 0x6E 0x20 0x72 0x65 0x61 0x64 0x20 0x52 0x46 0x49 0x44 0x27 0x73 0x21 0x20 0x2D 0x20 0x43 0x61 0x72 0x64 0x31

▪▪ PAYLOAD (UTF8) ▪▪
enSCUTTLE can read RFID's! - Card1

▪▪ PAYLOAD (ASCII) ▪▪
enSCUTTLE can read RFID's! - Card1




Sector: 0 	 Data: [129, 125, 82, 26, 180, 8, 4, 0, 98, 99, 100, 101, 102, 103, 104, 105]
Sector: 1 	 Data: [20, 1, 3, 225, 3, 225, 3, 225, 3, 225, 3, 225, 3, 225, 3, 225]
Sector: 2 	 Data: [3, 225, 3, 225, 3, 225, 3, 225, 3, 225, 3, 225, 3, 225, 3, 225]
Sector: 3 	 Data: [0, 0, 0, 0, 0, 0, 120, 119, 136, 193, 0, 0, 0, 0, 0, 0]
Sector: 4 	 Data: [0, 0, 3, 39, 209, 1, 35, 84, 2, 101, 110, 83, 67, 85, 84, 84]
Sector: 5 	 Data: [76, 69, 32, 99, 97, 110, 32, 114, 101, 97, 100, 32, 82, 70, 73, 68]
Sector: 6 	 Data: [39, 115, 33, 32, 45, 32, 67, 97, 114, 100, 49, 254, 0, 0, 0, 0]
Sector: 7 	 Data: [0, 0, 0, 0, 0, 0, 127, 7, 136, 64, 0, 0, 0, 0, 0, 0]
Sector: 8 	 Data: [0, 0, 0, 0, 0, 0, 0, 0, 0, 0, 0, 0, 0, 0, 0, 0]
Sector: 9 	 Data: [0, 0, 0, 0, 0, 0, 0, 0, 0, 0, 0, 0, 0, 0, 0, 0]
Sector: 10 	 Data: [0, 0, 0, 0, 0, 0, 0, 0, 0, 0, 0, 0, 0, 0, 0, 0]
Sector: 11 	 Data: [0, 0, 0, 0, 0, 0, 127, 7, 136, 64, 0, 0, 0, 0, 0, 0]
Sector: 12 	 Data: [0, 0, 0, 0, 0, 0, 0, 0, 0, 0, 0, 0, 0, 0, 0, 0]
Sector: 13 	 Data: [0, 0, 0, 0, 0, 0, 0, 0, 0, 0, 0, 0, 0, 0, 0, 0]
Sector: 14 	 Data: [0, 0, 0, 0, 0, 0, 0, 0, 0, 0, 0, 0, 0, 0, 0, 0]
Sector: 15 	 Data: [0, 0, 0, 0, 0, 0, 127, 7, 136, 64, 0, 0, 0, 0, 0, 0]
Sector: 16 	 Data: [0, 0, 0, 0, 0, 0, 0, 0, 0, 0, 0, 0, 0, 0, 0, 0]
Sector: 17 	 Data: [0, 0, 0, 0, 0, 0, 0, 0, 0, 0, 0, 0, 0, 0, 0, 0]
Sector: 18 	 Data: [0, 0, 0, 0, 0, 0, 0, 0, 0, 0, 0, 0, 0, 0, 0, 0]
Sector: 19 	 Data: [0, 0, 0, 0, 0, 0, 127, 7, 136, 64, 0, 0, 0, 0, 0, 0]
Sector: 20 	 Data: [0, 0, 0, 0, 0, 0, 0, 0, 0, 0, 0, 0, 0, 0, 0, 0]
Sector: 21 	 Data: [0, 0, 0, 0, 0, 0, 0, 0, 0, 0, 0, 0, 0, 0, 0, 0]
Sector: 22 	 Data: [0, 0, 0, 0, 0, 0, 0, 0, 0, 0, 0, 0, 0, 0, 0, 0]
Sector: 23 	 Data: [0, 0, 0, 0, 0, 0, 127, 7, 136, 64, 0, 0, 0, 0, 0, 0]
Sector: 24 	 Data: [0, 0, 0, 0, 0, 0, 0, 0, 0, 0, 0, 0, 0, 0, 0, 0]
Sector: 25 	 Data: [0, 0, 0, 0, 0, 0, 0, 0, 0, 0, 0, 0, 0, 0, 0, 0]
Sector: 26 	 Data: [0, 0, 0, 0, 0, 0, 0, 0, 0, 0, 0, 0, 0, 0, 0, 0]
Sector: 27 	 Data: [0, 0, 0, 0, 0, 0, 127, 7, 136, 64, 0, 0, 0, 0, 0, 0]
Sector: 28 	 Data: [0, 0, 0, 0, 0, 0, 0, 0, 0, 0, 0, 0, 0, 0, 0, 0]
Sector: 29 	 Data: [0, 0, 0, 0, 0, 0, 0, 0, 0, 0, 0, 0, 0, 0, 0, 0]
Sector: 30 	 Data: [0, 0, 0, 0, 0, 0, 0, 0, 0, 0, 0, 0, 0, 0, 0, 0]
Sector: 31 	 Data: [0, 0, 0, 0, 0, 0, 127, 7, 136, 64, 0, 0, 0, 0, 0, 0]
Sector: 32 	 Data: [0, 0, 0, 0, 0, 0, 0, 0, 0, 0, 0, 0, 0, 0, 0, 0]
Sector: 33 	 Data: [0, 0, 0, 0, 0, 0, 0, 0, 0, 0, 0, 0, 0, 0, 0, 0]
Sector: 34 	 Data: [0, 0, 0, 0, 0, 0, 0, 0, 0, 0, 0, 0, 0, 0, 0, 0]
Sector: 35 	 Data: [0, 0, 0, 0, 0, 0, 127, 7, 136, 64, 0, 0, 0, 0, 0, 0]
Sector: 36 	 Data: [0, 0, 0, 0, 0, 0, 0, 0, 0, 0, 0, 0, 0, 0, 0, 0]
Sector: 37 	 Data: [0, 0, 0, 0, 0, 0, 0, 0, 0, 0, 0, 0, 0, 0, 0, 0]
Sector: 38 	 Data: [0, 0, 0, 0, 0, 0, 0, 0, 0, 0, 0, 0, 0, 0, 0, 0]
Sector: 39 	 Data: [0, 0, 0, 0, 0, 0, 127, 7, 136, 64, 0, 0, 0, 0, 0, 0]
Sector: 40 	 Data: [0, 0, 0, 0, 0, 0, 0, 0, 0, 0, 0, 0, 0, 0, 0, 0]
Sector: 41 	 Data: [0, 0, 0, 0, 0, 0, 0, 0, 0, 0, 0, 0, 0, 0, 0, 0]
Sector: 42 	 Data: [0, 0, 0, 0, 0, 0, 0, 0, 0, 0, 0, 0, 0, 0, 0, 0]
Sector: 43 	 Data: [0, 0, 0, 0, 0, 0, 127, 7, 136, 64, 0, 0, 0, 0, 0, 0]
Sector: 44 	 Data: [0, 0, 0, 0, 0, 0, 0, 0, 0, 0, 0, 0, 0, 0, 0, 0]
Sector: 45 	 Data: [0, 0, 0, 0, 0, 0, 0, 0, 0, 0, 0, 0, 0, 0, 0, 0]
Sector: 46 	 Data: [0, 0, 0, 0, 0, 0, 0, 0, 0, 0, 0, 0, 0, 0, 0, 0]
Sector: 47 	 Data: [0, 0, 0, 0, 0, 0, 127, 7, 136, 64, 0, 0, 0, 0, 0, 0]
Sector: 48 	 Data: [0, 0, 0, 0, 0, 0, 0, 0, 0, 0, 0, 0, 0, 0, 0, 0]
Sector: 49 	 Data: [0, 0, 0, 0, 0, 0, 0, 0, 0, 0, 0, 0, 0, 0, 0, 0]
Sector: 50 	 Data: [0, 0, 0, 0, 0, 0, 0, 0, 0, 0, 0, 0, 0, 0, 0, 0]
Sector: 51 	 Data: [0, 0, 0, 0, 0, 0, 127, 7, 136, 64, 0, 0, 0, 0, 0, 0]
Sector: 52 	 Data: [0, 0, 0, 0, 0, 0, 0, 0, 0, 0, 0, 0, 0, 0, 0, 0]
Sector: 53 	 Data: [0, 0, 0, 0, 0, 0, 0, 0, 0, 0, 0, 0, 0, 0, 0, 0]
Sector: 54 	 Data: [0, 0, 0, 0, 0, 0, 0, 0, 0, 0, 0, 0, 0, 0, 0, 0]
Sector: 55 	 Data: [0, 0, 0, 0, 0, 0, 127, 7, 136, 64, 0, 0, 0, 0, 0, 0]
Sector: 56 	 Data: [0, 0, 0, 0, 0, 0, 0, 0, 0, 0, 0, 0, 0, 0, 0, 0]
Sector: 57 	 Data: [0, 0, 0, 0, 0, 0, 0, 0, 0, 0, 0, 0, 0, 0, 0, 0]
Sector: 58 	 Data: [0, 0, 0, 0, 0, 0, 0, 0, 0, 0, 0, 0, 0, 0, 0, 0]
Sector: 59 	 Data: [0, 0, 0, 0, 0, 0, 127, 7, 136, 64, 0, 0, 0, 0, 0, 0]
Sector: 60 	 Data: [0, 0, 0, 0, 0, 0, 0, 0, 0, 0, 0, 0, 0, 0, 0, 0]
Sector: 61 	 Data: [0, 0, 0, 0, 0, 0, 0, 0, 0, 0, 0, 0, 0, 0, 0, 0]
Sector: 62 	 Data: [0, 0, 0, 0, 0, 0, 0, 0, 0, 0, 0, 0, 0, 0, 0, 0]
Sector: 63 	 Data: [0, 0, 0, 0, 0, 0, 127, 7, 136, 64, 0, 0, 0, 0, 0, 0]
